1989
1591
2279
1529
2141
1786
1745
1530
1427
1252
1422
1068
1381
1464
1307
1307
2397
1756
2173
1155
1462
1709
1382
1933
1683
1752
1539
2226
2152
1411
1680
1371
1311
1813
1894
1678
2242
1383
1509
2299
1577
1827
1626
1552
1860
1941
1758
1608
1856
1629
1711
2006
2044
2081
2044
2216
2594
1608
1138
1799
1517
2811
2467
2666
1829
1349
2339
2071
1672
1500
2153
1810
1782
2776
2179
1727
2639
2400
1280
1656
1732
2140
2115
1936
2018
1736
1711
1703
1597
1594
1395
1767
1714
2046
1757
1750
2544
1621
1597
1473
3369
1343
1752
1593
1510
1616
1784
1777
2343
1776
1886
1851
1742
1316
1815
1847
1205
1946
4609
2125
1509
1212
1590
1104
1654
1046
1031
1001
969
776
795
769
986
1055
900
900
1603
1336
1297
713
939
1093
982
1081
1112
1053
945
1244
1191
828
883
771
832
1041
1023
1013
1343
947
901
1261
985
1137
880
901
1121
994
1013
1057
1097
1052
1057
1191
1409
1186
1173
1225
1443
1094
738
1045
875
1550
1524
1510
1107
912
1152
1198
1091
1008
1240
1039
1105
1441
1305
1098
1512
1707
908
1076
1000
1163
1156
1050
1076
1052
1120
918
957
884
896
1026
983
1078
1077
921
1295
977
1066
879
1871
948
964
915
979
1003
1103
918
1138
975
1069
1004
962
836
1014
1079
700
1104
2307
1392
