day:   0    0.0000   24.0000
day:   1    0.0000   24.0000
day:   2    0.0000   24.0000
day:   3    0.0000   24.0000
day:   4    0.0000   24.0000
day:   5    0.0000   24.0000
day:   6    0.0000   24.0000
day:   7    0.0000   24.0000
day:   8    0.0000   24.0000
day:   9    0.0000   24.0000
day:  10    0.0000   24.0000
day:  11    0.0000   24.0000
day:  12    0.0000   24.0000
day:  13    0.0000   24.0000
day:  14    0.0000   24.0000
day:  15    0.0000   24.0000
day:  16    0.0000   24.0000
day:  17    0.0000   24.0000
day:  18    0.0000   24.0000
day:  19    0.0000   24.0000
day:  20    0.0000   24.0000
day:  21    0.0000   24.0000
day:  22    0.0000   24.0000
day:  23    0.0000   24.0000
day:  24    0.0000   24.0000
day:  25    0.0000   24.0000
day:  26    0.0000   24.0000
day:  27    0.0000   24.0000
day:  28    0.0000   24.0000
day:  29    0.0000   24.0000
day:  30    0.0000   24.0000
day:  31    0.0000   24.0000
day:  32    0.0000   24.0000
day:  33    0.0000   24.0000
day:  34    0.0000   24.0000
day:  35    0.0000   24.0000
day:  36    0.0000   24.0000
day:  37    0.0000   24.0000
day:  38    0.0000   24.0000
day:  39    0.0000   24.0000
day:  40    0.0000   24.0000
day:  41    0.0000   24.0000
day:  42    0.0000   24.0000
day:  43    0.0000   24.0000
day:  44    0.0000   24.0000
day:  45    0.0000   24.0000
day:  46    0.0000   24.0000
day:  47    0.0000   24.0000
day:  48    0.0000   24.0000
day:  49    0.0000   24.0000
day:  50    0.0000   24.0000
day:  51    11.6718   12.3282
day:  52    11.5308   12.4692
day:  53    11.4238   12.5762
day:  54    11.3342   12.6658
day:  55    11.2556   12.7444
day:  56    11.1849   12.8151
day:  57    11.1202   12.8798
day:  58    11.0602   12.9398
day:  59    11.0040   12.9960
day:  60    10.9511   13.0489
day:  61    10.9010   13.0990
day:  62    10.8533   13.1467
day:  63    10.8077   13.1923
day:  64    10.7640   13.2360
day:  65    10.7220   13.2780
day:  66    10.6815   13.3185
day:  67    10.6424   13.3576
day:  68    10.6046   13.3954
day:  69    10.5680   13.4320
day:  70    10.5324   13.4676
day:  71    10.4978   13.5022
day:  72    10.4642   13.5358
day:  73    10.4314   13.5686
day:  74    10.3995   13.6005
day:  75    10.3683   13.6317
day:  76    10.3379   13.6621
day:  77    10.3081   13.6919
day:  78    10.2790   13.7210
day:  79    10.2505   13.7495
day:  80    10.2226   13.7774
day:  81    10.1953   13.8047
day:  82    10.1684   13.8316
day:  83    10.1421   13.8579
day:  84    10.1163   13.8837
day:  85    10.0909   13.9091
day:  86    10.0660   13.9340
day:  87    10.0415   13.9585
day:  88    10.0175   13.9825
day:  89    9.9938   14.0062
day:  90    9.9705   14.0295
day:  91    9.9476   14.0524
day:  92    9.9250   14.0750
day:  93    9.9028   14.0972
day:  94    9.8809   14.1191
day:  95    9.8593   14.1407
day:  96    9.8381   14.1619
day:  97    9.8171   14.1829
day:  98    9.7965   14.2035
day:  99    9.7761   14.2239
day: 100    9.7560   14.2440
day: 101    9.7362   14.2638
day: 102    9.7166   14.2834
day: 103    9.6973   14.3027
day: 104    9.6782   14.3218
day: 105    9.6594   14.3406
day: 106    9.6408   14.3592
day: 107    9.6224   14.3776
day: 108    9.6043   14.3957
day: 109    9.5864   14.4136
day: 110    9.5686   14.4314
day: 111    9.5511   14.4489
day: 112    9.5338   14.4662
day: 113    9.5167   14.4833
day: 114    9.4998   14.5002
day: 115    9.4831   14.5169
day: 116    9.4666   14.5334
day: 117    9.4502   14.5498
day: 118    9.4341   14.5659
day: 119    9.4181   14.5819
day: 120    9.4022   14.5978
day: 121    9.3866   14.6134
day: 122    9.3711   14.6289
day: 123    9.3557   14.6443
day: 124    9.3406   14.6594
day: 125    9.3255   14.6745
day: 126    9.3107   14.6893
day: 127    9.2960   14.7040
day: 128    9.2814   14.7186
day: 129    9.2670   14.7330
day: 130    9.2527   14.7473
day: 131    9.2385   14.7615
day: 132    9.2245   14.7755
day: 133    9.2106   14.7894
day: 134    9.1969   14.8031
day: 135    9.1833   14.8167
day: 136    9.1698   14.8302
day: 137    9.1565   14.8435
day: 138    9.1432   14.8568
day: 139    9.1301   14.8699
day: 140    9.1171   14.8829
day: 141    9.1043   14.8957
day: 142    9.0915   14.9085
day: 143    9.0789   14.9211
day: 144    9.0664   14.9336
day: 145    9.0540   14.9460
day: 146    9.0417   14.9583
day: 147    9.0295   14.9705
day: 148    9.0174   14.9826
day: 149    9.0054   14.9946
day: 150    8.9936   15.0064
day: 151    8.9818   15.0182
day: 152    8.9701   15.0299
day: 153    8.9586   15.0414
day: 154    8.9471   15.0529
day: 155    8.9358   15.0642
day: 156    8.9245   15.0755
day: 157    8.9133   15.0867
day: 158    8.9023   15.0977
day: 159    8.8913   15.1087
day: 160    8.8804   15.1196
day: 161    8.8696   15.1304
day: 162    8.8589   15.1411
day: 163    8.8483   15.1517
day: 164    8.8378   15.1622
day: 165    8.8274   15.1726
day: 166    8.8171   15.1829
day: 167    8.8068   15.1932
day: 168    8.7967   15.2033
day: 169    8.7866   15.2134
day: 170    8.7766   15.2234
day: 171    8.7667   15.2333
day: 172    8.7569   15.2431
day: 173    8.7471   15.2529
day: 174    8.7375   15.2625
day: 175    8.7279   15.2721
day: 176    8.7184   15.2816
day: 177    8.7090   15.2910
day: 178    8.6996   15.3004
day: 179    8.6904   15.3096
day: 180    8.6812   15.3188
day: 181    8.6721   15.3279
day: 182    8.6631   15.3369
day: 182    8.6585  15.3415
day: 183    8.6675  15.3325
day: 184    8.6766  15.3234
day: 185    8.6857  15.3143
day: 186    8.6949  15.3051
day: 187    8.7042  15.2958
day: 188    8.7136  15.2864
day: 189    8.7231  15.2769
day: 190    8.7326  15.2674
day: 191    8.7422  15.2578
day: 192    8.7519  15.2481
day: 193    8.7617  15.2383
day: 194    8.7716  15.2284
day: 195    8.7815  15.2185
day: 196    8.7916  15.2084
day: 197    8.8017  15.1983
day: 198    8.8119  15.1881
day: 199    8.8222  15.1778
day: 200    8.8326  15.1674
day: 201    8.8430  15.1570
day: 202    8.8536  15.1464
day: 203    8.8642  15.1358
day: 204    8.8750  15.1250
day: 205    8.8858  15.1142
day: 206    8.8967  15.1033
day: 207    8.9077  15.0923
day: 208    8.9189  15.0811
day: 209    8.9301  15.0699
day: 210    8.9414  15.0586
day: 211    8.9528  15.0472
day: 212    8.9643  15.0357
day: 213    8.9759  15.0241
day: 214    8.9876  15.0124
day: 215    8.9994  15.0006
day: 216    9.0113  14.9887
day: 217    9.0234  14.9766
day: 218    9.0355  14.9645
day: 219    9.0477  14.9523
day: 220    9.0601  14.9399
day: 221    9.0725  14.9275
day: 222    9.0851  14.9149
day: 223    9.0978  14.9022
day: 224    9.1106  14.8894
day: 225    9.1235  14.8765
day: 226    9.1366  14.8634
day: 227    9.1498  14.8502
day: 228    9.1630  14.8370
day: 229    9.1765  14.8235
day: 230    9.1900  14.8100
day: 231    9.2037  14.7963
day: 232    9.2175  14.7825
day: 233    9.2314  14.7686
day: 234    9.2455  14.7545
day: 235    9.2597  14.7403
day: 236    9.2741  14.7259
day: 237    9.2886  14.7114
day: 238    9.3032  14.6968
day: 239    9.3180  14.6820
day: 240    9.3330  14.6670
day: 241    9.3481  14.6519
day: 242    9.3633  14.6367
day: 243    9.3787  14.6213
day: 244    9.3943  14.6057
day: 245    9.4100  14.5900
day: 246    9.4260  14.5740
day: 247    9.4420  14.5580
day: 248    9.4583  14.5417
day: 249    9.4747  14.5253
day: 250    9.4914  14.5086
day: 251    9.5082  14.4918
day: 252    9.5252  14.4748
day: 253    9.5424  14.4576
day: 254    9.5598  14.4402
day: 255    9.5774  14.4226
day: 256    9.5952  14.4048
day: 257    9.6132  14.3868
day: 258    9.6315  14.3685
day: 259    9.6500  14.3500
day: 260    9.6687  14.3313
day: 261    9.6876  14.3124
day: 262    9.7068  14.2932
day: 263    9.7262  14.2738
day: 264    9.7459  14.2541
day: 265    9.7659  14.2341
day: 266    9.7861  14.2139
day: 267    9.8066  14.1934
day: 268    9.8275  14.1725
day: 269    9.8486  14.1514
day: 270    9.8700  14.1300
day: 271    9.8917  14.1083
day: 272    9.9137  14.0863
day: 273    9.9361  14.0639
day: 274    9.9589  14.0411
day: 275    9.9820  14.0180
day: 276    10.0055  13.9945
day: 277    10.0293  13.9707
day: 278    10.0536  13.9464
day: 279    10.0783  13.9217
day: 280    10.1034  13.8966
day: 281    10.1290  13.8710
day: 282    10.1551  13.8449
day: 283    10.1816  13.8184
day: 284    10.2087  13.7913
day: 285    10.2364  13.7636
day: 286    10.2645  13.7355
day: 287    10.2933  13.7067
day: 288    10.3228  13.6772
day: 289    10.3529  13.6471
day: 290    10.3837  13.6163
day: 291    10.4152  13.5848
day: 292    10.4476  13.5524
day: 293    10.4807  13.5193
day: 294    10.5148  13.4852
day: 295    10.5499  13.4501
day: 296    10.5860  13.4140
day: 297    10.6232  13.3768
day: 298    10.6616  13.3384
day: 299    10.7014  13.2986
day: 300    10.7426  13.2574
day: 301    10.7854  13.2146
day: 302    10.8300  13.1700
day: 303    10.8766  13.1234
day: 304    10.9255  13.0745
day: 305    10.9769  13.0231
day: 306    11.0314  12.9686
day: 307    11.0893  12.9107
day: 308    11.1515  12.8485
day: 309    11.2191  12.7809
day: 310    11.2934  12.7066
day: 311    11.3769  12.6231
day: 312    11.4740  12.5260
day: 313    11.5944  12.4056
day: 314    11.7723  12.2277
day: 315    0.0000  24.0000
day: 316    0.0000  24.0000
day: 317    0.0000  24.0000
day: 318    0.0000  24.0000
day: 319    0.0000  24.0000
day: 320    0.0000  24.0000
day: 321    0.0000  24.0000
day: 322    0.0000  24.0000
day: 323    0.0000  24.0000
day: 324    0.0000  24.0000
day: 325    0.0000  24.0000
day: 326    0.0000  24.0000
day: 327    0.0000  24.0000
day: 328    0.0000  24.0000
day: 329    0.0000  24.0000
day: 330    0.0000  24.0000
day: 331    0.0000  24.0000
day: 332    0.0000  24.0000
day: 333    0.0000  24.0000
day: 334    0.0000  24.0000
day: 335    0.0000  24.0000
day: 336    0.0000  24.0000
day: 337    0.0000  24.0000
day: 338    0.0000  24.0000
day: 339    0.0000  24.0000
day: 340    0.0000  24.0000
day: 341    0.0000  24.0000
day: 342    0.0000  24.0000
day: 343    0.0000  24.0000
day: 344    0.0000  24.0000
day: 345    0.0000  24.0000
day: 346    0.0000  24.0000
day: 347    0.0000  24.0000
day: 348    0.0000  24.0000
day: 349    0.0000  24.0000
day: 350    0.0000  24.0000
day: 351    0.0000  24.0000
day: 352    0.0000  24.0000
day: 353    0.0000  24.0000
day: 354    0.0000  24.0000
day: 355    0.0000  24.0000
day: 356    0.0000  24.0000
day: 357    0.0000  24.0000
day: 358    0.0000  24.0000
day: 359    0.0000  24.0000
day: 360    0.0000  24.0000
day: 361    0.0000  24.0000
day: 362    0.0000  24.0000
day: 363    0.0000  24.0000
day: 364    0.0000  24.0000
day:   0    0.0000   24.0000
day:   1    0.0000   24.0000
day:   2    0.0000   24.0000
day:   3    0.0000   24.0000
day:   4    0.0000   24.0000
day:   5    0.0000   24.0000
day:   6    0.0000   24.0000
day:   7    0.0000   24.0000
day:   8    0.0000   24.0000
day:   9    0.0000   24.0000
day:  10    0.0000   24.0000
day:  11    0.0000   24.0000
day:  12    0.0000   24.0000
day:  13    0.0000   24.0000
day:  14    0.0000   24.0000
day:  15    0.0000   24.0000
day:  16    0.0000   24.0000
day:  17    0.0000   24.0000
day:  18    0.0000   24.0000
day:  19    0.0000   24.0000
day:  20    0.0000   24.0000
day:  21    0.0000   24.0000
day:  22    0.0000   24.0000
day:  23    0.0000   24.0000
day:  24    0.0000   24.0000
day:  25    0.0000   24.0000
day:  26    0.0000   24.0000
day:  27    0.0000   24.0000
day:  28    0.0000   24.0000
day:  29    0.0000   24.0000
day:  30    0.0000   24.0000
day:  31    0.0000   24.0000
day:  32    0.0000   24.0000
day:  33    0.0000   24.0000
day:  34    0.0000   24.0000
day:  35    0.0000   24.0000
day:  36    0.0000   24.0000
day:  37    0.0000   24.0000
day:  38    0.0000   24.0000
day:  39    0.0000   24.0000
day:  40    0.0000   24.0000
day:  41    0.0000   24.0000
day:  42    0.0000   24.0000
day:  43    0.0000   24.0000
day:  44    0.0000   24.0000
day:  45    0.0000   24.0000
day:  46    0.0000   24.0000
day:  47    0.0000   24.0000
day:  48    0.0000   24.0000
day:  49    0.0000   24.0000
day:  50    0.0000   24.0000
day:  51    11.6718   12.3282
day:  52    11.5308   12.4692
day:  53    11.4238   12.5762
day:  54    11.3342   12.6658
day:  55    11.2556   12.7444
day:  56    11.1849   12.8151
day:  57    11.1202   12.8798
day:  58    11.0602   12.9398
day:  59    11.0040   12.9960
day:  60    10.9511   13.0489
day:  61    10.9010   13.0990
day:  62    10.8533   13.1467
day:  63    10.8077   13.1923
day:  64    10.7640   13.2360
day:  65    10.7220   13.2780
day:  66    10.6815   13.3185
day:  67    10.6424   13.3576
day:  68    10.6046   13.3954
day:  69    10.5680   13.4320
day:  70    10.5324   13.4676
day:  71    10.4978   13.5022
day:  72    10.4642   13.5358
day:  73    10.4314   13.5686
day:  74    10.3995   13.6005
day:  75    10.3683   13.6317
day:  76    10.3379   13.6621
day:  77    10.3081   13.6919
day:  78    10.2790   13.7210
day:  79    10.2505   13.7495
day:  80    10.2226   13.7774
day:  81    10.1953   13.8047
day:  82    10.1684   13.8316
day:  83    10.1421   13.8579
day:  84    10.1163   13.8837
day:  85    10.0909   13.9091
day:  86    10.0660   13.9340
day:  87    10.0415   13.9585
day:  88    10.0175   13.9825
day:  89    9.9938   14.0062
day:  90    9.9705   14.0295
day:  91    9.9476   14.0524
day:  92    9.9250   14.0750
day:  93    9.9028   14.0972
day:  94    9.8809   14.1191
day:  95    9.8593   14.1407
day:  96    9.8381   14.1619
day:  97    9.8171   14.1829
day:  98    9.7965   14.2035
day:  99    9.7761   14.2239
day: 100    9.7560   14.2440
day: 101    9.7362   14.2638
day: 102    9.7166   14.2834
day: 103    9.6973   14.3027
day: 104    9.6782   14.3218
day: 105    9.6594   14.3406
day: 106    9.6408   14.3592
day: 107    9.6224   14.3776
day: 108    9.6043   14.3957
day: 109    9.5864   14.4136
day: 110    9.5686   14.4314
day: 111    9.5511   14.4489
day: 112    9.5338   14.4662
day: 113    9.5167   14.4833
day: 114    9.4998   14.5002
day: 115    9.4831   14.5169
day: 116    9.4666   14.5334
day: 117    9.4502   14.5498
day: 118    9.4341   14.5659
day: 119    9.4181   14.5819
day: 120    9.4022   14.5978
day: 121    9.3866   14.6134
day: 122    9.3711   14.6289
day: 123    9.3557   14.6443
day: 124    9.3406   14.6594
day: 125    9.3255   14.6745
day: 126    9.3107   14.6893
day: 127    9.2960   14.7040
day: 128    9.2814   14.7186
day: 129    9.2670   14.7330
day: 130    9.2527   14.7473
day: 131    9.2385   14.7615
day: 132    9.2245   14.7755
day: 133    9.2106   14.7894
day: 134    9.1969   14.8031
day: 135    9.1833   14.8167
day: 136    9.1698   14.8302
day: 137    9.1565   14.8435
day: 138    9.1432   14.8568
day: 139    9.1301   14.8699
day: 140    9.1171   14.8829
day: 141    9.1043   14.8957
day: 142    9.0915   14.9085
day: 143    9.0789   14.9211
day: 144    9.0664   14.9336
day: 145    9.0540   14.9460
day: 146    9.0417   14.9583
day: 147    9.0295   14.9705
day: 148    9.0174   14.9826
day: 149    9.0054   14.9946
day: 150    8.9936   15.0064
day: 151    8.9818   15.0182
day: 152    8.9701   15.0299
day: 153    8.9586   15.0414
day: 154    8.9471   15.0529
day: 155    8.9358   15.0642
day: 156    8.9245   15.0755
day: 157    8.9133   15.0867
day: 158    8.9023   15.0977
day: 159    8.8913   15.1087
day: 160    8.8804   15.1196
day: 161    8.8696   15.1304
day: 162    8.8589   15.1411
day: 163    8.8483   15.1517
day: 164    8.8378   15.1622
day: 165    8.8274   15.1726
day: 166    8.8171   15.1829
day: 167    8.8068   15.1932
day: 168    8.7967   15.2033
day: 169    8.7866   15.2134
day: 170    8.7766   15.2234
day: 171    8.7667   15.2333
day: 172    8.7569   15.2431
day: 173    8.7471   15.2529
day: 174    8.7375   15.2625
day: 175    8.7279   15.2721
day: 176    8.7184   15.2816
day: 177    8.7090   15.2910
day: 178    8.6996   15.3004
day: 179    8.6904   15.3096
day: 180    8.6812   15.3188
day: 181    8.6721   15.3279
day: 182    8.6631   15.3369
day: 182    8.6585  15.3415
day: 183    8.6675  15.3325
day: 184    8.6766  15.3234
day: 185    8.6857  15.3143
day: 186    8.6949  15.3051
day: 187    8.7042  15.2958
day: 188    8.7136  15.2864
day: 189    8.7231  15.2769
day: 190    8.7326  15.2674
day: 191    8.7422  15.2578
day: 192    8.7519  15.2481
day: 193    8.7617  15.2383
day: 194    8.7716  15.2284
day: 195    8.7815  15.2185
day: 196    8.7916  15.2084
day: 197    8.8017  15.1983
day: 198    8.8119  15.1881
day: 199    8.8222  15.1778
day: 200    8.8326  15.1674
day: 201    8.8430  15.1570
day: 202    8.8536  15.1464
day: 203    8.8642  15.1358
day: 204    8.8750  15.1250
day: 205    8.8858  15.1142
day: 206    8.8967  15.1033
day: 207    8.9077  15.0923
day: 208    8.9189  15.0811
day: 209    8.9301  15.0699
day: 210    8.9414  15.0586
day: 211    8.9528  15.0472
day: 212    8.9643  15.0357
day: 213    8.9759  15.0241
day: 214    8.9876  15.0124
day: 215    8.9994  15.0006
day: 216    9.0113  14.9887
day: 217    9.0234  14.9766
day: 218    9.0355  14.9645
day: 219    9.0477  14.9523
day: 220    9.0601  14.9399
day: 221    9.0725  14.9275
day: 222    9.0851  14.9149
day: 223    9.0978  14.9022
day: 224    9.1106  14.8894
day: 225    9.1235  14.8765
day: 226    9.1366  14.8634
day: 227    9.1498  14.8502
day: 228    9.1630  14.8370
day: 229    9.1765  14.8235
day: 230    9.1900  14.8100
day: 231    9.2037  14.7963
day: 232    9.2175  14.7825
day: 233    9.2314  14.7686
day: 234    9.2455  14.7545
day: 235    9.2597  14.7403
day: 236    9.2741  14.7259
day: 237    9.2886  14.7114
day: 238    9.3032  14.6968
day: 239    9.3180  14.6820
day: 240    9.3330  14.6670
day: 241    9.3481  14.6519
day: 242    9.3633  14.6367
day: 243    9.3787  14.6213
day: 244    9.3943  14.6057
day: 245    9.4100  14.5900
day: 246    9.4260  14.5740
day: 247    9.4420  14.5580
day: 248    9.4583  14.5417
day: 249    9.4747  14.5253
day: 250    9.4914  14.5086
day: 251    9.5082  14.4918
day: 252    9.5252  14.4748
day: 253    9.5424  14.4576
day: 254    9.5598  14.4402
day: 255    9.5774  14.4226
day: 256    9.5952  14.4048
day: 257    9.6132  14.3868
day: 258    9.6315  14.3685
day: 259    9.6500  14.3500
day: 260    9.6687  14.3313
day: 261    9.6876  14.3124
day: 262    9.7068  14.2932
day: 263    9.7262  14.2738
day: 264    9.7459  14.2541
day: 265    9.7659  14.2341
day: 266    9.7861  14.2139
day: 267    9.8066  14.1934
day: 268    9.8275  14.1725
day: 269    9.8486  14.1514
day: 270    9.8700  14.1300
day: 271    9.8917  14.1083
day: 272    9.9137  14.0863
day: 273    9.9361  14.0639
day: 274    9.9589  14.0411
day: 275    9.9820  14.0180
day: 276    10.0055  13.9945
day: 277    10.0293  13.9707
day: 278    10.0536  13.9464
day: 279    10.0783  13.9217
day: 280    10.1034  13.8966
day: 281    10.1290  13.8710
day: 282    10.1551  13.8449
day: 283    10.1816  13.8184
day: 284    10.2087  13.7913
day: 285    10.2364  13.7636
day: 286    10.2645  13.7355
day: 287    10.2933  13.7067
day: 288    10.3228  13.6772
day: 289    10.3529  13.6471
day: 290    10.3837  13.6163
day: 291    10.4152  13.5848
day: 292    10.4476  13.5524
day: 293    10.4807  13.5193
day: 294    10.5148  13.4852
day: 295    10.5499  13.4501
day: 296    10.5860  13.4140
day: 297    10.6232  13.3768
day: 298    10.6616  13.3384
day: 299    10.7014  13.2986
day: 300    10.7426  13.2574
day: 301    10.7854  13.2146
day: 302    10.8300  13.1700
day: 303    10.8766  13.1234
day: 304    10.9255  13.0745
day: 305    10.9769  13.0231
day: 306    11.0314  12.9686
day: 307    11.0893  12.9107
day: 308    11.1515  12.8485
day: 309    11.2191  12.7809
day: 310    11.2934  12.7066
day: 311    11.3769  12.6231
day: 312    11.4740  12.5260
day: 313    11.5944  12.4056
day: 314    11.7723  12.2277
day: 315    0.0000  24.0000
day: 316    0.0000  24.0000
day: 317    0.0000  24.0000
day: 318    0.0000  24.0000
day: 319    0.0000  24.0000
day: 320    0.0000  24.0000
day: 321    0.0000  24.0000
day: 322    0.0000  24.0000
day: 323    0.0000  24.0000
day: 324    0.0000  24.0000
day: 325    0.0000  24.0000
day: 326    0.0000  24.0000
day: 327    0.0000  24.0000
day: 328    0.0000  24.0000
day: 329    0.0000  24.0000
day: 330    0.0000  24.0000
day: 331    0.0000  24.0000
day: 332    0.0000  24.0000
day: 333    0.0000  24.0000
day: 334    0.0000  24.0000
day: 335    0.0000  24.0000
day: 336    0.0000  24.0000
day: 337    0.0000  24.0000
day: 338    0.0000  24.0000
day: 339    0.0000  24.0000
day: 340    0.0000  24.0000
day: 341    0.0000  24.0000
day: 342    0.0000  24.0000
day: 343    0.0000  24.0000
day: 344    0.0000  24.0000
day: 345    0.0000  24.0000
day: 346    0.0000  24.0000
day: 347    0.0000  24.0000
day: 348    0.0000  24.0000
day: 349    0.0000  24.0000
day: 350    0.0000  24.0000
day: 351    0.0000  24.0000
day: 352    0.0000  24.0000
day: 353    0.0000  24.0000
day: 354    0.0000  24.0000
day: 355    0.0000  24.0000
day: 356    0.0000  24.0000
day: 357    0.0000  24.0000
day: 358    0.0000  24.0000
day: 359    0.0000  24.0000
day: 360    0.0000  24.0000
day: 361    0.0000  24.0000
day: 362    0.0000  24.0000
day: 363    0.0000  24.0000
day: 364    0.0000  24.0000
