day:   0    7.1410   16.8590
day:   1    7.1266   16.8734
day:   2    7.1122   16.8878
day:   3    7.0980   16.9020
day:   4    7.0838   16.9162
day:   5    7.0696   16.9304
day:   6    7.0556   16.9444
day:   7    7.0416   16.9584
day:   8    7.0276   16.9724
day:   9    7.0138   16.9862
day:  10    7.0000   17.0000
day:  11    6.9862   17.0138
day:  12    6.9725   17.0275
day:  13    6.9589   17.0411
day:  14    6.9453   17.0547
day:  15    6.9318   17.0682
day:  16    6.9183   17.0817
day:  17    6.9049   17.0951
day:  18    6.8915   17.1085
day:  19    6.8782   17.1218
day:  20    6.8650   17.1350
day:  21    6.8518   17.1482
day:  22    6.8386   17.1614
day:  23    6.8255   17.1745
day:  24    6.8124   17.1876
day:  25    6.7994   17.2006
day:  26    6.7864   17.2136
day:  27    6.7735   17.2265
day:  28    6.7606   17.2394
day:  29    6.7478   17.2522
day:  30    6.7350   17.2650
day:  31    6.7222   17.2778
day:  32    6.7095   17.2905
day:  33    6.6968   17.3032
day:  34    6.6842   17.3158
day:  35    6.6716   17.3284
day:  36    6.6590   17.3410
day:  37    6.6464   17.3536
day:  38    6.6339   17.3661
day:  39    6.6215   17.3785
day:  40    6.6090   17.3910
day:  41    6.5966   17.4034
day:  42    6.5843   17.4157
day:  43    6.5719   17.4281
day:  44    6.5596   17.4404
day:  45    6.5474   17.4526
day:  46    6.5351   17.4649
day:  47    6.5229   17.4771
day:  48    6.5107   17.4893
day:  49    6.4985   17.5015
day:  50    6.4864   17.5136
day:  51    6.4743   17.5257
day:  52    6.4622   17.5378
day:  53    6.4501   17.5499
day:  54    6.4381   17.5619
day:  55    6.4260   17.5740
day:  56    6.4140   17.5860
day:  57    6.4021   17.5979
day:  58    6.3901   17.6099
day:  59    6.3782   17.6218
day:  60    6.3662   17.6338
day:  61    6.3543   17.6457
day:  62    6.3425   17.6575
day:  63    6.3306   17.6694
day:  64    6.3187   17.6813
day:  65    6.3069   17.6931
day:  66    6.2951   17.7049
day:  67    6.2833   17.7167
day:  68    6.2715   17.7285
day:  69    6.2597   17.7403
day:  70    6.2480   17.7520
day:  71    6.2362   17.7638
day:  72    6.2245   17.7755
day:  73    6.2128   17.7872
day:  74    6.2010   17.7990
day:  75    6.1893   17.8107
day:  76    6.1776   17.8224
day:  77    6.1660   17.8340
day:  78    6.1543   17.8457
day:  79    6.1426   17.8574
day:  80    6.1309   17.8691
day:  81    6.1193   17.8807
day:  82    6.1076   17.8924
day:  83    6.0960   17.9040
day:  84    6.0843   17.9157
day:  85    6.0727   17.9273
day:  86    6.0611   17.9389
day:  87    6.0494   17.9506
day:  88    6.0378   17.9622
day:  89    6.0262   17.9738
day:  90    6.0146   17.9854
day:  91    6.0029   17.9971
day:  92    5.9913   18.0087
day:  93    5.9797   18.0203
day:  94    5.9681   18.0319
day:  95    5.9564   18.0436
day:  96    5.9448   18.0552
day:  97    5.9332   18.0668
day:  98    5.9215   18.0785
day:  99    5.9099   18.0901
day: 100    5.8983   18.1017
day: 101    5.8866   18.1134
day: 102    5.8750   18.1250
day: 103    5.8633   18.1367
day: 104    5.8516   18.1484
day: 105    5.8399   18.1601
day: 106    5.8283   18.1717
day: 107    5.8166   18.1834
day: 108    5.8049   18.1951
day: 109    5.7932   18.2068
day: 110    5.7814   18.2186
day: 111    5.7697   18.2303
day: 112    5.7580   18.2420
day: 113    5.7462   18.2538
day: 114    5.7344   18.2656
day: 115    5.7227   18.2773
day: 116    5.7109   18.2891
day: 117    5.6991   18.3009
day: 118    5.6872   18.3128
day: 119    5.6754   18.3246
day: 120    5.6635   18.3365
day: 121    5.6517   18.3483
day: 122    5.6398   18.3602
day: 123    5.6279   18.3721
day: 124    5.6159   18.3841
day: 125    5.6040   18.3960
day: 126    5.5920   18.4080
day: 127    5.5800   18.4200
day: 128    5.5680   18.4320
day: 129    5.5560   18.4440
day: 130    5.5439   18.4561
day: 131    5.5318   18.4682
day: 132    5.5197   18.4803
day: 133    5.5076   18.4924
day: 134    5.4955   18.5045
day: 135    5.4833   18.5167
day: 136    5.4711   18.5289
day: 137    5.4588   18.5412
day: 138    5.4466   18.5534
day: 139    5.4343   18.5657
day: 140    5.4220   18.5780
day: 141    5.4096   18.5904
day: 142    5.3972   18.6028
day: 143    5.3848   18.6152
day: 144    5.3724   18.6276
day: 145    5.3599   18.6401
day: 146    5.3474   18.6526
day: 147    5.3348   18.6652
day: 148    5.3222   18.6778
day: 149    5.3096   18.6904
day: 150    5.2969   18.7031
day: 151    5.2842   18.7158
day: 152    5.2715   18.7285
day: 153    5.2587   18.7413
day: 154    5.2459   18.7541
day: 155    5.2330   18.7670
day: 156    5.2201   18.7799
day: 157    5.2071   18.7929
day: 158    5.1942   18.8058
day: 159    5.1811   18.8189
day: 160    5.1680   18.8320
day: 161    5.1549   18.8451
day: 162    5.1417   18.8583
day: 163    5.1285   18.8715
day: 164    5.1152   18.8848
day: 165    5.1019   18.8981
day: 166    5.0885   18.9115
day: 167    5.0750   18.9250
day: 168    5.0615   18.9385
day: 169    5.0480   18.9520
day: 170    5.0344   18.9656
day: 171    5.0207   18.9793
day: 172    5.0070   18.9930
day: 173    4.9932   19.0068
day: 174    4.9794   19.0206
day: 175    4.9655   19.0345
day: 176    4.9515   19.0485
day: 177    4.9375   19.0625
day: 178    4.9234   19.0766
day: 179    4.9092   19.0908
day: 180    4.8950   19.1050
day: 181    4.8807   19.1193
day: 182    4.8663   19.1337
day: 182    4.8590   19.1410
day: 183    4.8734   19.1266
day: 184    4.8878   19.1122
day: 185    4.9020   19.0980
day: 186    4.9162   19.0838
day: 187    4.9304   19.0696
day: 188    4.9444   19.0556
day: 189    4.9584   19.0416
day: 190    4.9724   19.0276
day: 191    4.9862   19.0138
day: 192    5.0000   19.0000
day: 193    5.0138   18.9862
day: 194    5.0275   18.9725
day: 195    5.0411   18.9589
day: 196    5.0547   18.9453
day: 197    5.0682   18.9318
day: 198    5.0817   18.9183
day: 199    5.0951   18.9049
day: 200    5.1085   18.8915
day: 201    5.1218   18.8782
day: 202    5.1350   18.8650
day: 203    5.1482   18.8518
day: 204    5.1614   18.8386
day: 205    5.1745   18.8255
day: 206    5.1876   18.8124
day: 207    5.2006   18.7994
day: 208    5.2136   18.7864
day: 209    5.2265   18.7735
day: 210    5.2394   18.7606
day: 211    5.2522   18.7478
day: 212    5.2650   18.7350
day: 213    5.2778   18.7222
day: 214    5.2905   18.7095
day: 215    5.3032   18.6968
day: 216    5.3158   18.6842
day: 217    5.3284   18.6716
day: 218    5.3410   18.6590
day: 219    5.3536   18.6464
day: 220    5.3661   18.6339
day: 221    5.3785   18.6215
day: 222    5.3910   18.6090
day: 223    5.4034   18.5966
day: 224    5.4157   18.5843
day: 225    5.4281   18.5719
day: 226    5.4404   18.5596
day: 227    5.4526   18.5474
day: 228    5.4649   18.5351
day: 229    5.4771   18.5229
day: 230    5.4893   18.5107
day: 231    5.5015   18.4985
day: 232    5.5136   18.4864
day: 233    5.5257   18.4743
day: 234    5.5378   18.4622
day: 235    5.5499   18.4501
day: 236    5.5619   18.4381
day: 237    5.5740   18.4260
day: 238    5.5860   18.4140
day: 239    5.5979   18.4021
day: 240    5.6099   18.3901
day: 241    5.6218   18.3782
day: 242    5.6338   18.3662
day: 243    5.6457   18.3543
day: 244    5.6575   18.3425
day: 245    5.6694   18.3306
day: 246    5.6813   18.3187
day: 247    5.6931   18.3069
day: 248    5.7049   18.2951
day: 249    5.7167   18.2833
day: 250    5.7285   18.2715
day: 251    5.7403   18.2597
day: 252    5.7520   18.2480
day: 253    5.7638   18.2362
day: 254    5.7755   18.2245
day: 255    5.7872   18.2128
day: 256    5.7990   18.2010
day: 257    5.8107   18.1893
day: 258    5.8224   18.1776
day: 259    5.8340   18.1660
day: 260    5.8457   18.1543
day: 261    5.8574   18.1426
day: 262    5.8691   18.1309
day: 263    5.8807   18.1193
day: 264    5.8924   18.1076
day: 265    5.9040   18.0960
day: 266    5.9157   18.0843
day: 267    5.9273   18.0727
day: 268    5.9389   18.0611
day: 269    5.9506   18.0494
day: 270    5.9622   18.0378
day: 271    5.9738   18.0262
day: 272    5.9854   18.0146
day: 273    5.9971   18.0029
day: 274    6.0087   17.9913
day: 275    6.0203   17.9797
day: 276    6.0319   17.9681
day: 277    6.0436   17.9564
day: 278    6.0552   17.9448
day: 279    6.0668   17.9332
day: 280    6.0785   17.9215
day: 281    6.0901   17.9099
day: 282    6.1017   17.8983
day: 283    6.1134   17.8866
day: 284    6.1250   17.8750
day: 285    6.1367   17.8633
day: 286    6.1484   17.8516
day: 287    6.1601   17.8399
day: 288    6.1717   17.8283
day: 289    6.1834   17.8166
day: 290    6.1951   17.8049
day: 291    6.2068   17.7932
day: 292    6.2186   17.7814
day: 293    6.2303   17.7697
day: 294    6.2420   17.7580
day: 295    6.2538   17.7462
day: 296    6.2656   17.7344
day: 297    6.2773   17.7227
day: 298    6.2891   17.7109
day: 299    6.3009   17.6991
day: 300    6.3128   17.6872
day: 301    6.3246   17.6754
day: 302    6.3365   17.6635
day: 303    6.3483   17.6517
day: 304    6.3602   17.6398
day: 305    6.3721   17.6279
day: 306    6.3841   17.6159
day: 307    6.3960   17.6040
day: 308    6.4080   17.5920
day: 309    6.4200   17.5800
day: 310    6.4320   17.5680
day: 311    6.4440   17.5560
day: 312    6.4561   17.5439
day: 313    6.4682   17.5318
day: 314    6.4803   17.5197
day: 315    6.4924   17.5076
day: 316    6.5045   17.4955
day: 317    6.5167   17.4833
day: 318    6.5289   17.4711
day: 319    6.5412   17.4588
day: 320    6.5534   17.4466
day: 321    6.5657   17.4343
day: 322    6.5780   17.4220
day: 323    6.5904   17.4096
day: 324    6.6028   17.3972
day: 325    6.6152   17.3848
day: 326    6.6276   17.3724
day: 327    6.6401   17.3599
day: 328    6.6526   17.3474
day: 329    6.6652   17.3348
day: 330    6.6778   17.3222
day: 331    6.6904   17.3096
day: 332    6.7031   17.2969
day: 333    6.7158   17.2842
day: 334    6.7285   17.2715
day: 335    6.7413   17.2587
day: 336    6.7541   17.2459
day: 337    6.7670   17.2330
day: 338    6.7799   17.2201
day: 339    6.7929   17.2071
day: 340    6.8058   17.1942
day: 341    6.8189   17.1811
day: 342    6.8320   17.1680
day: 343    6.8451   17.1549
day: 344    6.8583   17.1417
day: 345    6.8715   17.1285
day: 346    6.8848   17.1152
day: 347    6.8981   17.1019
day: 348    6.9115   17.0885
day: 349    6.9250   17.0750
day: 350    6.9385   17.0615
day: 351    6.9520   17.0480
day: 352    6.9656   17.0344
day: 353    6.9793   17.0207
day: 354    6.9930   17.0070
day: 355    7.0068   16.9932
day: 356    7.0206   16.9794
day: 357    7.0345   16.9655
day: 358    7.0485   16.9515
day: 359    7.0625   16.9375
day: 360    7.0766   16.9234
day: 361    7.0908   16.9092
day: 362    7.1050   16.8950
day: 363    7.1193   16.8807
day: 364    7.1337   16.8663
