5.4778 155.5598 11.6348
5.5951 155.6771 11.6270
5.7119 155.7938 11.6192
5.8282 155.9102 11.6115
5.9440 156.0260 11.6037
6.0594 156.1414 11.5960
6.1743 156.2563 11.5884
6.2888 156.3708 11.5807
6.4028 156.4848 11.5731
6.5164 156.5984 11.5656
6.6296 156.7116 11.5580
6.7424 156.8243 11.5505
6.8547 156.9367 11.5430
6.9667 157.0486 11.5356
7.0782 157.1602 11.5281
7.1894 157.2713 11.5207
7.3001 157.3821 11.5133
7.4105 157.4925 11.5060
7.5205 157.6025 11.4986
7.6302 157.7122 11.4913
7.7395 157.8215 11.4840
7.8485 157.9304 11.4768
7.9571 158.0391 11.4695
8.0654 158.1473 11.4623
8.1733 158.2553 11.4551
8.2809 158.3629 11.4479
8.3882 158.4702 11.4408
8.4952 158.5772 11.4337
8.6019 158.6839 11.4265
8.7083 158.7903 11.4194
8.8144 158.8964 11.4124
8.9202 159.0022 11.4053
9.0257 159.1077 11.3983
9.1309 159.2129 11.3913
9.2359 159.3179 11.3843
9.3406 159.4226 11.3773
9.4451 159.5270 11.3703
9.5493 159.6312 11.3634
9.6532 159.7352 11.3565
9.7569 159.8389 11.3495
9.8603 159.9423 11.3426
9.9636 160.0455 11.3358
10.0666 160.1485 11.3289
10.1693 160.2513 11.3220
10.2719 160.3539 11.3152
10.3742 160.4562 11.3084
10.4764 160.5584 11.3016
10.5783 160.6603 11.2948
10.6801 160.7620 11.2880
10.7816 160.8636 11.2812
10.8830 160.9649 11.2745
10.9841 161.0661 11.2677
11.0851 161.1671 11.2610
11.1860 161.2679 11.2543
11.2866 161.3686 11.2476
11.3871 161.4691 11.2409
11.4874 161.5694 11.2342
11.5876 161.6696 11.2275
11.6877 161.7696 11.2208
11.7875 161.8695 11.2142
11.8873 161.9693 11.2075
11.9869 162.0689 11.2009
12.0864 162.1684 11.1942
12.1857 162.2677 11.1876
12.2850 162.3670 11.1810
12.3841 162.4661 11.1744
12.4831 162.5651 11.1678
12.5820 162.6640 11.1612
12.6808 162.7628 11.1546
12.7795 162.8615 11.1480
12.8781 162.9601 11.1415
12.9766 163.0586 11.1349
13.0750 163.1570 11.1283
13.1734 163.2553 11.1218
13.2716 163.3536 11.1152
13.3698 163.4518 11.1087
13.4679 163.5499 11.1021
13.5660 163.6480 11.0956
13.6640 163.7459 11.0891
13.7619 163.8439 11.0825
13.8598 163.9418 11.0760
13.9576 164.0396 11.0695
14.0554 164.1374 11.0630
14.1532 164.2352 11.0565
14.2509 164.3329 11.0499
14.3486 164.4306 11.0434
14.4463 164.5283 11.0369
14.5439 164.6259 11.0304
14.6416 164.7235 11.0239
14.7392 164.8211 11.0174
14.8368 164.9187 11.0109
14.9344 165.0163 11.0044
165.1139 15.0320 10.9979
165.2115 15.1296 10.9914
165.3091 15.2272 10.9849
165.4068 15.3248 10.9783
165.5044 15.4224 10.9718
165.6021 15.5201 10.9653
165.6997 15.6178 10.9588
165.7974 15.7155 10.9523
165.8952 15.8132 10.9458
165.9930 15.9110 10.9393
166.0908 16.0088 10.9327
166.1886 16.1067 10.9262
166.2866 16.2046 10.9197
166.3845 16.3025 10.9132
166.4825 16.4006 10.9066
166.5806 16.4987 10.9001
166.6788 16.5968 10.8935
166.7770 16.6950 10.8870
166.8753 16.7933 10.8804
166.9737 16.8917 10.8739
167.0722 16.9902 10.8673
167.1707 17.0887 10.8608
167.2694 17.1874 10.8542
167.3681 17.2861 10.8476
167.4669 17.3850 10.8410
167.5659 17.4839 10.8344
167.6649 17.5830 10.8278
167.7641 17.6821 10.8212
167.8634 17.7814 10.8146
167.9628 17.8809 10.8079
168.0624 17.9804 10.8013
168.1621 18.0801 10.7947
168.2619 18.1799 10.7880
168.3618 18.2799 10.7813
168.4619 18.3800 10.7747
168.5622 18.4802 10.7680
168.6626 18.5806 10.7613
168.7632 18.6812 10.7546
168.8639 18.7819 10.7479
168.9648 18.8829 10.7411
169.0659 18.9839 10.7344
169.1672 19.0852 10.7277
169.2686 19.1867 10.7209
169.3703 19.2883 10.7141
169.4721 19.3901 10.7073
169.5741 19.4922 10.7005
169.6764 19.5944 10.6937
169.7788 19.6969 10.6869
169.8815 19.7995 10.6800
169.9844 19.9024 10.6732
170.0875 20.0055 10.6663
170.1908 20.1089 10.6594
170.2944 20.2124 10.6525
170.3982 20.3162 10.6456
170.5023 20.4203 10.6386
170.6066 20.5246 10.6317
170.7112 20.6292 10.6247
170.8160 20.7340 10.6177
170.9211 20.8391 10.6107
171.0265 20.9445 10.6037
171.1321 21.0502 10.5967
171.2381 21.1561 10.5896
171.3443 21.2624 10.5825
171.4509 21.3689 10.5754
171.5577 21.4757 10.5683
171.6648 21.5829 10.5611
171.7723 21.6903 10.5540
171.8801 21.7981 10.5468
171.9882 21.9062 10.5396
172.0966 22.0147 10.5324
172.2054 22.1234 10.5251
172.3145 22.2326 10.5178
172.4240 22.3420 10.5105
172.5339 22.4519 10.5032
172.6441 22.5621 10.4959
172.7546 22.6727 10.4885
172.8656 22.7836 10.4811
172.9770 22.8950 10.4737
173.0887 23.0067 10.4662
173.2008 23.1189 10.4587
173.3134 23.2314 10.4512
173.4263 23.3444 10.4437
173.5397 23.4578 10.4361
173.6535 23.5716 10.4286
173.7678 23.6858 10.4209
173.8825 23.8005 10.4133
173.9976 23.9157 10.4056
174.1132 24.0313 10.3979
174.2293 24.1473 10.3902
174.3459 24.2639 10.3824
174.4629 24.3809 10.3746
