178.8201 5.3378 12.3559
178.7946 5.3123 12.3542
178.7692 5.2869 12.3525
178.7439 5.2616 12.3508
178.7187 5.2364 12.3491
178.6936 5.2113 12.3474
178.6686 5.1862 12.3457
178.6437 5.1613 12.3441
178.6188 5.1365 12.3424
178.5941 5.1117 12.3408
178.5694 5.0870 12.3391
178.5448 5.0624 12.3375
178.5203 5.0379 12.3359
178.4959 5.0135 12.3342
178.4715 4.9892 12.3326
178.4473 4.9649 12.3310
178.4231 4.9407 12.3294
178.3990 4.9166 12.3278
178.3749 4.8926 12.3262
178.3510 4.8686 12.3246
178.3271 4.8447 12.3230
178.3033 4.8209 12.3214
178.2795 4.7972 12.3198
178.2559 4.7735 12.3182
178.2322 4.7499 12.3167
178.2087 4.7263 12.3151
178.1852 4.7029 12.3135
178.1618 4.6794 12.3120
178.1384 4.6561 12.3104
178.1152 4.6328 12.3089
178.0919 4.6096 12.3073
178.0687 4.5864 12.3058
178.0456 4.5633 12.3042
178.0226 4.5402 12.3027
177.9996 4.5172 12.3011
177.9766 4.4943 12.2996
177.9537 4.4714 12.2981
177.9309 4.4485 12.2966
177.9081 4.4257 12.2950
177.8853 4.4030 12.2935
177.8626 4.3803 12.2920
177.8400 4.3576 12.2905
177.8174 4.3350 12.2890
177.7948 4.3125 12.2875
177.7723 4.2900 12.2860
177.7498 4.2675 12.2845
177.7274 4.2451 12.2830
177.7050 4.2227 12.2815
177.6827 4.2003 12.2800
177.6604 4.1780 12.2785
177.6381 4.1558 12.2771
177.6159 4.1335 12.2756
177.5937 4.1113 12.2741
177.5715 4.0892 12.2726
177.5494 4.0671 12.2711
177.5273 4.0450 12.2697
177.5053 4.0229 12.2682
177.4832 4.0009 12.2667
177.4612 3.9789 12.2653
177.4393 3.9569 12.2638
177.4173 3.9350 12.2623
177.3954 3.9131 12.2609
177.3735 3.8912 12.2594
177.3517 3.8693 12.2580
177.3299 3.8475 12.2565
177.3081 3.8257 12.2550
177.2863 3.8039 12.2536
177.2645 3.7822 12.2521
177.2428 3.7604 12.2507
177.2211 3.7387 12.2492
177.1994 3.7170 12.2478
177.1777 3.6953 12.2464
177.1560 3.6737 12.2449
177.1344 3.6520 12.2435
177.1127 3.6304 12.2420
177.0911 3.6088 12.2406
177.0695 3.5872 12.2391
177.0479 3.5656 12.2377
177.0264 3.5440 12.2363
177.0048 3.5224 12.2348
176.9832 3.5009 12.2334
176.9617 3.4793 12.2320
176.9402 3.4578 12.2305
176.9186 3.4363 12.2291
176.8971 3.4148 12.2277
176.8756 3.3932 12.2262
176.8541 3.3717 12.2248
176.8326 3.3502 12.2233
176.8111 3.3287 12.2219
176.7896 3.3072 12.2205
176.7681 3.2857 12.2190
176.7466 3.2643 12.2176
3.2428 176.7251 12.2162
3.2213 176.7036 12.2148
3.1998 176.6821 12.2133
3.1783 176.6606 12.2119
3.1568 176.6391 12.2105
3.1353 176.6176 12.2090
3.1138 176.5961 12.2076
3.0922 176.5746 12.2061
3.0707 176.5531 12.2047
3.0492 176.5315 12.2033
3.0276 176.5100 12.2018
3.0061 176.4884 12.2004
2.9845 176.4669 12.1990
2.9630 176.4453 12.1975
2.9414 176.4237 12.1961
2.9198 176.4021 12.1947
2.8982 176.3805 12.1932
2.8766 176.3589 12.1918
2.8549 176.3373 12.1903
2.8333 176.3156 12.1889
2.8116 176.2939 12.1874
2.7899 176.2723 12.1860
2.7682 176.2505 12.1845
2.7465 176.2288 12.1831
2.7247 176.2071 12.1816
2.7029 176.1853 12.1802
2.6812 176.1635 12.1787
2.6593 176.1417 12.1773
2.6375 176.1198 12.1758
2.6156 176.0980 12.1744
2.5937 176.0761 12.1729
2.5718 176.0542 12.1715
2.5499 176.0322 12.1700
2.5279 176.0102 12.1685
2.5059 175.9882 12.1671
2.4838 175.9662 12.1656
2.4618 175.9441 12.1641
2.4396 175.9220 12.1626
2.4175 175.8999 12.1612
2.3953 175.8777 12.1597
2.3731 175.8555 12.1582
2.3509 175.8332 12.1567
2.3286 175.8109 12.1552
2.3063 175.7886 12.1538
2.2839 175.7663 12.1523
2.2615 175.7438 12.1508
2.2390 175.7214 12.1493
2.2166 175.6989 12.1478
2.1940 175.6764 12.1463
2.1714 175.6538 12.1448
2.1488 175.6312 12.1433
2.1261 175.6085 12.1417
2.1034 175.5858 12.1402
2.0807 175.5630 12.1387
2.0578 175.5402 12.1372
2.0350 175.5173 12.1357
2.0120 175.4944 12.1341
1.9891 175.4714 12.1326
1.9660 175.4484 12.1311
1.9429 175.4253 12.1295
1.9198 175.4021 12.1280
1.8966 175.3789 12.1264
1.8733 175.3557 12.1249
1.8500 175.3324 12.1233
1.8266 175.3090 12.1218
1.8032 175.2855 12.1202
1.7797 175.2620 12.1186
1.7561 175.2384 12.1171
1.7324 175.2148 12.1155
1.7087 175.1911 12.1139
1.6849 175.1673 12.1123
1.6611 175.1434 12.1107
1.6372 175.1195 12.1091
1.6132 175.0955 12.1075
1.5891 175.0714 12.1059
1.5650 175.0473 12.1043
1.5407 175.0231 12.1027
1.5164 174.9988 12.1011
1.4921 174.9744 12.0995
1.4676 174.9499 12.0978
1.4430 174.9254 12.0962
1.4184 174.9008 12.0946
1.3937 174.8761 12.0929
1.3689 174.8513 12.0913
1.3440 174.8264 12.0896
1.3190 174.8014 12.0879
1.2940 174.7763 12.0863
1.2688 174.7512 12.0846
1.2436 174.7259 12.0829
1.2182 174.7006 12.0812
1.1928 174.6751 12.0795
1.1799 174.6622 12.0787
1.2054 174.6877 12.0804
1.2308 174.7131 12.0821
1.2561 174.7384 12.0837
1.2813 174.7636 12.0854
1.3064 174.7887 12.0871
1.3314 174.8138 12.0888
1.3563 174.8387 12.0904
1.3812 174.8635 12.0921
1.4059 174.8883 12.0937
1.4306 174.9130 12.0954
1.4552 174.9376 12.0970
1.4797 174.9621 12.0986
1.5041 174.9865 12.1003
1.5285 175.0108 12.1019
1.5527 175.0351 12.1035
1.5769 175.0593 12.1051
1.6010 175.0834 12.1067
1.6251 175.1074 12.1083
1.6490 175.1314 12.1099
1.6729 175.1553 12.1115
1.6967 175.1791 12.1131
1.7205 175.2028 12.1147
1.7441 175.2265 12.1163
1.7678 175.2501 12.1179
1.7913 175.2737 12.1194
1.8148 175.2971 12.1210
1.8382 175.3206 12.1225
1.8616 175.3439 12.1241
1.8848 175.3672 12.1257
1.9081 175.3904 12.1272
1.9313 175.4136 12.1288
1.9544 175.4367 12.1303
1.9774 175.4598 12.1318
2.0004 175.4828 12.1334
2.0234 175.5057 12.1349
2.0463 175.5286 12.1364
2.0691 175.5515 12.1379
2.0919 175.5743 12.1395
2.1147 175.5970 12.1410
2.1374 175.6197 12.1425
2.1600 175.6424 12.1440
2.1826 175.6650 12.1455
2.2052 175.6875 12.1470
2.2277 175.7100 12.1485
2.2502 175.7325 12.1500
2.2726 175.7549 12.1515
2.2950 175.7773 12.1530
2.3173 175.7997 12.1545
2.3396 175.8220 12.1560
2.3619 175.8442 12.1575
2.3841 175.8665 12.1589
2.4063 175.8887 12.1604
2.4285 175.9108 12.1619
2.4506 175.9329 12.1634
2.4727 175.9550 12.1648
2.4947 175.9771 12.1663
2.5168 175.9991 12.1678
2.5388 176.0211 12.1693
2.5607 176.0431 12.1707
2.5827 176.0650 12.1722
2.6046 176.0869 12.1736
2.6265 176.1088 12.1751
2.6483 176.1307 12.1766
2.6701 176.1525 12.1780
2.6919 176.1743 12.1795
2.7137 176.1961 12.1809
2.7355 176.2178 12.1824
2.7572 176.2396 12.1838
2.7789 176.2613 12.1853
2.8006 176.2830 12.1867
2.8223 176.3047 12.1882
2.8440 176.3263 12.1896
2.8656 176.3480 12.1910
2.8873 176.3696 12.1925
2.9089 176.3912 12.1939
2.9305 176.4128 12.1954
2.9521 176.4344 12.1968
2.9736 176.4560 12.1982
2.9952 176.4776 12.1997
3.0168 176.4991 12.2011
3.0383 176.5207 12.2026
3.0598 176.5422 12.2040
3.0814 176.5637 12.2054
3.1029 176.5852 12.2069
3.1244 176.6068 12.2083
3.1459 176.6283 12.2097
3.1674 176.6498 12.2112
3.1889 176.6713 12.2126
3.2104 176.6928 12.2140
3.2319 176.7143 12.2155
3.2534 176.7357 12.2169
176.7572 3.2749 12.2183
176.7787 3.2964 12.2198
176.8002 3.3179 12.2212
176.8217 3.3394 12.2226
176.8432 3.3609 12.2241
176.8647 3.3824 12.2255
176.8862 3.4039 12.2269
176.9078 3.4254 12.2284
176.9293 3.4469 12.2298
176.9508 3.4685 12.2312
176.9724 3.4900 12.2327
176.9939 3.5116 12.2341
177.0155 3.5331 12.2355
177.0370 3.5547 12.2370
177.0586 3.5763 12.2384
177.0802 3.5979 12.2399
177.1018 3.6195 12.2413
177.1234 3.6411 12.2427
177.1451 3.6627 12.2442
177.1667 3.6844 12.2456
177.1884 3.7061 12.2471
177.2101 3.7277 12.2485
177.2318 3.7495 12.2500
177.2535 3.7712 12.2514
177.2753 3.7929 12.2529
177.2971 3.8147 12.2543
177.3188 3.8365 12.2558
177.3407 3.8583 12.2572
177.3625 3.8802 12.2587
177.3844 3.9020 12.2601
177.4063 3.9239 12.2616
177.4282 3.9458 12.2631
177.4501 3.9678 12.2645
177.4721 3.9898 12.2660
177.4941 4.0118 12.2675
177.5162 4.0338 12.2689
177.5382 4.0559 12.2704
177.5604 4.0780 12.2719
177.5825 4.1001 12.2733
177.6047 4.1223 12.2748
177.6269 4.1445 12.2763
177.6491 4.1668 12.2778
177.6714 4.1891 12.2793
177.6937 4.2114 12.2808
177.7161 4.2337 12.2822
177.7385 4.2562 12.2837
177.7610 4.2786 12.2852
177.7834 4.3011 12.2867
177.8060 4.3236 12.2882
177.8286 4.3462 12.2897
177.8512 4.3688 12.2913
177.8739 4.3915 12.2928
177.8966 4.4142 12.2943
177.9193 4.4370 12.2958
177.9422 4.4598 12.2973
177.9650 4.4827 12.2988
177.9880 4.5056 12.3004
178.0109 4.5286 12.3019
178.0340 4.5516 12.3034
178.0571 4.5747 12.3050
178.0802 4.5979 12.3065
178.1034 4.6211 12.3081
178.1267 4.6443 12.3096
178.1500 4.6676 12.3112
178.1734 4.6910 12.3127
178.1968 4.7145 12.3143
178.2203 4.7380 12.3159
178.2439 4.7616 12.3174
178.2676 4.7852 12.3190
178.2913 4.8089 12.3206
178.3151 4.8327 12.3222
178.3389 4.8566 12.3238
178.3628 4.8805 12.3254
178.3868 4.9045 12.3270
178.4109 4.9286 12.3286
178.4350 4.9527 12.3302
178.4593 4.9769 12.3318
178.4836 5.0012 12.3334
178.5079 5.0256 12.3350
178.5324 5.0501 12.3367
178.5570 5.0746 12.3383
178.5816 5.0992 12.3399
178.6063 5.1239 12.3416
178.6311 5.1487 12.3432
178.6560 5.1736 12.3449
178.6810 5.1986 12.3466
178.7060 5.2237 12.3482
178.7312 5.2488 12.3499
178.7564 5.2741 12.3516
178.7818 5.2994 12.3533
178.8072 5.3249 12.3550
