176.3476 16.4273 13.0952
176.2689 16.3487 13.0899
176.1906 16.2703 13.0847
176.1126 16.1923 13.0795
176.0349 16.1146 13.0743
175.9575 16.0372 13.0691
175.8804 15.9601 13.0640
175.8036 15.8833 13.0589
175.7270 15.8068 13.0538
175.6508 15.7305 13.0487
175.5748 15.6545 13.0436
175.4991 15.5788 13.0386
175.4236 15.5033 13.0336
175.3484 15.4282 13.0285
175.2735 15.3532 13.0235
175.1988 15.2785 13.0186
175.1244 15.2041 13.0136
175.0502 15.1299 13.0087
174.9762 15.0559 13.0037
174.9025 14.9822 12.9988
174.8290 14.9087 12.9939
174.7557 14.8354 12.9890
174.6826 14.7624 12.9842
174.6098 14.6895 12.9793
174.5372 14.6169 12.9745
174.4648 14.5445 12.9696
174.3926 14.4723 12.9648
174.3206 14.4003 12.9600
174.2488 14.3285 12.9552
174.1772 14.2569 12.9505
174.1057 14.1855 12.9457
174.0345 14.1142 12.9409
173.9634 14.0432 12.9362
173.8926 13.9723 12.9315
173.8219 13.9016 12.9268
173.7514 13.8311 12.9221
173.6810 13.7607 12.9174
173.6108 13.6905 12.9127
173.5408 13.6205 12.9080
173.4709 13.5506 12.9034
173.4012 13.4809 12.8987
173.3316 13.4113 12.8941
173.2622 13.3419 12.8895
173.1929 13.2726 12.8848
173.1238 13.2035 12.8802
173.0548 13.1345 12.8756
172.9859 13.0656 12.8710
172.9172 12.9969 12.8665
172.8486 12.9283 12.8619
172.7801 12.8598 12.8573
172.7117 12.7915 12.8528
172.6435 12.7232 12.8482
172.5754 12.6551 12.8437
172.5074 12.5871 12.8391
172.4395 12.5192 12.8346
172.3717 12.4514 12.8301
172.3040 12.3837 12.8256
172.2364 12.3161 12.8211
172.1689 12.2486 12.8166
172.1015 12.1812 12.8121
172.0342 12.1139 12.8076
171.9669 12.0467 12.8031
171.8998 11.9795 12.7986
171.8327 11.9125 12.7942
171.7658 11.8455 12.7897
171.6989 11.7786 12.7852
171.6320 11.7117 12.7808
171.5653 11.6450 12.7763
171.4986 11.5783 12.7719
171.4319 11.5117 12.7674
171.3654 11.4451 12.7630
171.2989 11.3786 12.7586
171.2324 11.3121 12.7541
171.1660 11.2457 12.7497
171.0997 11.1794 12.7453
171.0334 11.1131 12.7409
170.9671 11.0468 12.7365
170.9009 10.9806 12.7320
170.8347 10.9145 12.7276
170.7686 10.8483 12.7232
170.7025 10.7822 12.7188
170.6364 10.7161 12.7144
170.5704 10.6501 12.7100
170.5044 10.5841 12.7056
170.4384 10.5181 12.7012
170.3724 10.4521 12.6968
170.3064 10.3861 12.6924
170.2405 10.3202 12.6880
170.1745 10.2543 12.6836
170.1086 10.1883 12.6792
170.0427 10.1224 12.6748
169.9768 10.0565 12.6704
9.9906 169.9109 12.6660
9.9247 169.8450 12.6616
9.8588 169.7790 12.6573
9.7928 169.7131 12.6529
9.7269 169.6472 12.6485
9.6609 169.5812 12.6441
9.5950 169.5152 12.6397
9.5290 169.4493 12.6353
9.4630 169.3832 12.6309
9.3969 169.3172 12.6265
9.3309 169.2512 12.6221
9.2648 169.1851 12.6177
9.1987 169.1189 12.6132
9.1325 169.0528 12.6088
9.0663 168.9866 12.6044
9.0001 168.9204 12.6000
8.9338 168.8541 12.5956
8.8675 168.7878 12.5912
8.8011 168.7214 12.5867
8.7347 168.6550 12.5823
8.6682 168.5885 12.5779
8.6017 168.5220 12.5734
8.5351 168.4554 12.5690
8.4684 168.3887 12.5646
8.4017 168.3220 12.5601
8.3349 168.2552 12.5557
8.2680 168.1883 12.5512
8.2011 168.1214 12.5467
8.1341 168.0544 12.5423
8.0670 167.9873 12.5378
7.9998 167.9201 12.5333
7.9325 167.8528 12.5288
7.8652 167.7855 12.5243
7.7977 167.7180 12.5198
7.7302 167.6505 12.5153
7.6625 167.5828 12.5108
7.5948 167.5151 12.5063
7.5269 167.4472 12.5018
7.4590 167.3793 12.4973
7.3909 167.3112 12.4927
7.3227 167.2430 12.4882
7.2544 167.1747 12.4836
7.1860 167.1063 12.4791
7.1175 167.0378 12.4745
7.0488 166.9691 12.4699
6.9800 166.9003 12.4653
6.9111 166.8314 12.4607
6.8420 166.7623 12.4561
6.7728 166.6931 12.4515
6.7035 166.6237 12.4469
6.6340 166.5543 12.4423
6.5643 166.4846 12.4376
6.4945 166.4148 12.4330
6.4246 166.3449 12.4283
6.3545 166.2748 12.4236
6.2842 166.2045 12.4189
6.2138 166.1340 12.4143
6.1432 166.0634 12.4095
6.0724 165.9926 12.4048
6.0014 165.9217 12.4001
5.9303 165.8505 12.3954
5.8589 165.7792 12.3906
5.7874 165.7077 12.3858
5.7157 165.6360 12.3810
5.6438 165.5641 12.3763
5.5717 165.4920 12.3714
5.4994 165.4197 12.3666
5.4269 165.3472 12.3618
5.3542 165.2744 12.3569
5.2812 165.2015 12.3521
5.2081 165.1283 12.3472
5.1347 165.0550 12.3423
5.0611 164.9813 12.3374
4.9872 164.9075 12.3325
4.9131 164.8334 12.3275
4.8388 164.7591 12.3226
4.7643 164.6845 12.3176
4.6895 164.6097 12.3126
4.6144 164.5347 12.3076
4.5391 164.4593 12.3026
4.4635 164.3838 12.2976
4.3876 164.3079 12.2925
4.3115 164.2318 12.2874
4.2351 164.1554 12.2823
4.1584 164.0787 12.2772
4.0815 164.0017 12.2721
4.0042 163.9245 12.2669
3.9267 163.8469 12.2618
3.8488 163.7691 12.2566
3.7707 163.6909 12.2514
3.6922 163.6125 12.2461
3.6524 163.5727 12.2435
3.7311 163.6513 12.2487
3.8094 163.7297 12.2540
3.8874 163.8077 12.2592
3.9651 163.8854 12.2643
4.0425 163.9628 12.2695
4.1196 164.0399 12.2746
4.1964 164.1167 12.2798
4.2730 164.1932 12.2849
4.3492 164.2695 12.2899
4.4252 164.3455 12.2950
4.5009 164.4212 12.3001
4.5764 164.4967 12.3051
4.6516 164.5718 12.3101
4.7265 164.6468 12.3151
4.8012 164.7215 12.3201
4.8756 164.7959 12.3250
4.9498 164.8701 12.3300
5.0238 164.9441 12.3349
5.0975 165.0178 12.3398
5.1710 165.0913 12.3447
5.2443 165.1646 12.3496
5.3174 165.2376 12.3545
5.3902 165.3105 12.3593
5.4628 165.3831 12.3642
5.5352 165.4555 12.3690
5.6074 165.5277 12.3738
5.6794 165.5997 12.3786
5.7512 165.6715 12.3834
5.8228 165.7431 12.3882
5.8943 165.8145 12.3930
5.9655 165.8858 12.3977
6.0366 165.9568 12.4024
6.1074 166.0277 12.4072
6.1781 166.0984 12.4119
6.2486 166.1689 12.4166
6.3190 166.2393 12.4213
6.3892 166.3095 12.4259
6.4592 166.3795 12.4306
6.5291 166.4494 12.4353
6.5988 166.5191 12.4399
6.6684 166.5887 12.4446
6.7378 166.6581 12.4492
6.8071 166.7274 12.4538
6.8762 166.7965 12.4584
6.9452 166.8655 12.4630
7.0141 166.9344 12.4676
7.0828 167.0031 12.4722
7.1514 167.0717 12.4768
7.2199 167.1402 12.4813
7.2883 167.2085 12.4859
7.3565 167.2768 12.4904
7.4246 167.3449 12.4950
7.4926 167.4129 12.4995
7.5605 167.4808 12.5040
7.6283 167.5486 12.5086
7.6960 167.6163 12.5131
7.7636 167.6839 12.5176
7.8311 167.7514 12.5221
7.8985 167.8188 12.5266
7.9658 167.8861 12.5311
8.0331 167.9533 12.5355
8.1002 168.0205 12.5400
8.1673 168.0875 12.5445
8.2342 168.1545 12.5489
8.3011 168.2214 12.5534
8.3680 168.2883 12.5579
8.4347 168.3550 12.5623
8.5014 168.4217 12.5668
8.5681 168.4883 12.5712
8.6346 168.5549 12.5756
8.7011 168.6214 12.5801
8.7676 168.6879 12.5845
8.8340 168.7543 12.5889
8.9003 168.8206 12.5934
8.9666 168.8869 12.5978
9.0329 168.9532 12.6022
9.0991 169.0194 12.6066
9.1653 169.0855 12.6110
9.2314 169.1517 12.6154
9.2975 169.2178 12.6198
9.3636 169.2839 12.6242
9.4296 169.3499 12.6286
9.4956 169.4159 12.6330
9.5616 169.4819 12.6374
9.6276 169.5479 12.6418
9.6936 169.6139 12.6462
9.7595 169.6798 12.6506
9.8255 169.7457 12.6550
9.8914 169.8117 12.6594
9.9573 169.8776 12.6638
10.0232 169.9435 12.6682
170.0094 10.0891 12.6726
170.0753 10.1550 12.6770
170.1412 10.2210 12.6814
170.2072 10.2869 12.6858
170.2731 10.3528 12.6902
170.3391 10.4188 12.6946
170.4050 10.4848 12.6990
170.4710 10.5507 12.7034
170.5370 10.6168 12.7078
170.6031 10.6828 12.7122
170.6691 10.7488 12.7166
170.7352 10.8149 12.7210
170.8013 10.8811 12.7254
170.8675 10.9472 12.7298
170.9337 11.0134 12.7342
170.9999 11.0796 12.7386
171.0662 11.1459 12.7431
171.1325 11.2122 12.7475
171.1989 11.2786 12.7519
171.2653 11.3450 12.7563
171.3318 11.4115 12.7608
171.3983 11.4780 12.7652
171.4649 11.5446 12.7696
171.5316 11.6113 12.7741
171.5983 11.6780 12.7785
171.6651 11.7448 12.7830
171.7320 11.8117 12.7874
171.7989 11.8786 12.7919
171.8659 11.9456 12.7964
171.9330 12.0127 12.8008
172.0002 12.0799 12.8053
172.0675 12.1472 12.8098
172.1348 12.2145 12.8143
172.2023 12.2820 12.8188
172.2698 12.3495 12.8233
172.3375 12.4172 12.8278
172.4052 12.4849 12.8323
172.4731 12.5528 12.8369
172.5410 12.6207 12.8414
172.6091 12.6888 12.8459
172.6773 12.7570 12.8505
172.7456 12.8253 12.8550
172.8140 12.8937 12.8596
172.8825 12.9622 12.8641
172.9512 13.0309 12.8687
173.0200 13.0997 12.8733
173.0889 13.1686 12.8779
173.1580 13.2377 12.8825
173.2272 13.3069 12.8871
173.2965 13.3763 12.8918
173.3660 13.4457 12.8964
173.4357 13.5154 12.9010
173.5055 13.5852 12.9057
173.5754 13.6551 12.9103
173.6455 13.7252 12.9150
173.7158 13.7955 12.9197
173.7862 13.8660 12.9244
173.8568 13.9366 12.9291
173.9276 14.0074 12.9338
173.9986 14.0783 12.9386
174.0697 14.1495 12.9433
174.1411 14.2208 12.9481
174.2126 14.2923 12.9528
174.2843 14.3640 12.9576
174.3562 14.4359 12.9624
174.4283 14.5080 12.9672
174.5006 14.5803 12.9720
174.5731 14.6528 12.9769
174.6458 14.7256 12.9817
174.7188 14.7985 12.9866
174.7919 14.8717 12.9914
174.8653 14.9450 12.9963
174.9389 15.0187 13.0012
175.0128 15.0925 13.0062
175.0869 15.1666 13.0111
175.1612 15.2409 13.0161
175.2357 15.3155 13.0210
175.3105 15.3903 13.0260
175.3856 15.4653 13.0310
175.4609 15.5407 13.0360
175.5365 15.6162 13.0411
175.6124 15.6921 13.0461
175.6885 15.7682 13.0512
175.7649 15.8446 13.0563
175.8416 15.9213 13.0614
175.9185 15.9983 13.0666
175.9958 16.0755 13.0717
176.0733 16.1531 13.0769
176.1512 16.2309 13.0821
176.2293 16.3091 13.0873
176.3078 16.3875 13.0925
