167.4150 53.0571 15.5371
167.1562 52.7983 15.5199
166.8989 52.5410 15.5027
166.6430 52.2851 15.4857
166.3884 52.0305 15.4687
166.1352 51.7773 15.4518
165.8833 51.5254 15.4350
165.6326 51.2747 15.4183
165.3832 51.0253 15.4017
165.1351 50.7772 15.3851
164.8881 50.5302 15.3687
164.6423 50.2844 15.3523
164.3977 50.0398 15.3360
164.1542 49.7963 15.3198
163.9118 49.5539 15.3036
163.6705 49.3126 15.2875
163.4303 49.0723 15.2715
163.1911 48.8332 15.2555
162.9529 48.5950 15.2397
162.7157 48.3578 15.2239
162.4796 48.1217 15.2081
162.2444 47.8865 15.1924
162.0101 47.6522 15.1768
161.7768 47.4188 15.1613
161.5443 47.1864 15.1458
161.3128 46.9549 15.1303
161.0821 46.7242 15.1149
160.8523 46.4944 15.0996
160.6233 46.2654 15.0844
160.3951 46.0372 15.0691
160.1677 45.8098 15.0540
159.9411 45.5832 15.0389
159.7152 45.3573 15.0238
159.4902 45.1322 15.0088
159.2658 44.9079 14.9939
159.0421 44.6842 14.9789
158.8192 44.4613 14.9641
158.5969 44.2390 14.9493
158.3753 44.0174 14.9345
158.1544 43.7965 14.9198
157.9340 43.5761 14.9051
157.7144 43.3565 14.8904
157.4953 43.1374 14.8758
157.2768 42.9189 14.8613
157.0589 42.7010 14.8467
156.8415 42.4836 14.8322
156.6247 42.2668 14.8178
156.4084 42.0505 14.8034
156.1927 41.8348 14.7890
155.9774 41.6195 14.7746
155.7627 41.4048 14.7603
155.5484 41.1905 14.7460
155.3346 40.9767 14.7318
155.1213 40.7634 14.7176
154.9084 40.5505 14.7034
154.6959 40.3380 14.6892
154.4839 40.1260 14.6751
154.2722 39.9143 14.6610
154.0609 39.7030 14.6469
153.8501 39.4922 14.6328
153.6395 39.2816 14.6188
153.4294 39.0715 14.6048
153.2195 38.8616 14.5908
153.0100 38.6521 14.5768
152.8009 38.4430 14.5629
152.5920 38.2341 14.5489
152.3834 38.0255 14.5350
152.1751 37.8172 14.5211
151.9671 37.6092 14.5073
151.7593 37.4014 14.4934
151.5518 37.1939 14.4796
151.3445 36.9866 14.4658
151.1374 36.7795 14.4520
150.9306 36.5727 14.4382
150.7239 36.3660 14.4244
150.5174 36.1595 14.4106
150.3111 35.9532 14.3969
150.1050 35.7471 14.3831
149.8991 35.5412 14.3694
149.6932 35.3353 14.3557
149.4876 35.1297 14.3420
149.2820 34.9241 14.3283
149.0765 34.7186 14.3146
148.8712 34.5133 14.3009
148.6659 34.3080 14.2872
148.4607 34.1028 14.2735
148.2556 33.8977 14.2598
148.0506 33.6927 14.2462
147.8456 33.4877 14.2325
147.6406 33.2827 14.2188
147.4356 33.0777 14.2052
147.2307 32.8728 14.1915
32.6679 147.0258 14.1779
32.4629 146.8208 14.1642
32.2580 146.6159 14.1505
32.0530 146.4109 14.1369
31.8479 146.2058 14.1232
31.6429 146.0008 14.1095
31.4377 145.7956 14.0958
31.2325 145.5904 14.0822
31.0272 145.3851 14.0685
30.8218 145.1797 14.0548
30.6163 144.9742 14.0411
30.4107 144.7686 14.0274
30.2049 144.5628 14.0137
29.9990 144.3569 13.9999
29.7930 144.1509 13.9862
29.5868 143.9447 13.9725
29.3804 143.7383 13.9587
29.1738 143.5317 13.9449
28.9671 143.3250 13.9311
28.7601 143.1180 13.9173
28.5530 142.9109 13.9035
28.3455 142.7034 13.8897
28.1379 142.4958 13.8759
27.9300 142.2879 13.8620
27.7218 142.0797 13.8481
27.5134 141.8713 13.8342
27.3047 141.6626 13.8203
27.0956 141.4535 13.8064
26.8863 141.2442 13.7924
26.6766 141.0346 13.7784
26.4667 140.8246 13.7644
26.2563 140.6142 13.7504
26.0456 140.4035 13.7364
25.8345 140.1924 13.7223
25.6231 139.9810 13.7082
25.4112 139.7691 13.6941
25.1990 139.5569 13.6799
24.9863 139.3442 13.6658
24.7732 139.1311 13.6515
24.5596 138.9175 13.6373
24.3456 138.7035 13.6230
24.1311 138.4890 13.6087
23.9161 138.2740 13.5944
23.7006 138.0585 13.5800
23.4846 137.8425 13.5656
23.2681 137.6260 13.5512
23.0510 137.4089 13.5367
22.8334 137.1913 13.5222
22.6152 136.9731 13.5077
22.3964 136.7543 13.4931
22.1770 136.5349 13.4785
21.9570 136.3149 13.4638
21.7364 136.0943 13.4491
21.5151 135.8730 13.4343
21.2932 135.6511 13.4195
21.0706 135.4285 13.4047
20.8473 135.2052 13.3898
20.6233 134.9812 13.3749
20.3985 134.7564 13.3599
20.1731 134.5310 13.3449
19.9469 134.3048 13.3298
19.7199 134.0778 13.3147
19.4921 133.8500 13.2995
19.2635 133.6214 13.2842
19.0341 133.3920 13.2689
18.8038 133.1618 13.2536
18.5727 132.9306 13.2382
18.3408 132.6987 13.2227
18.1079 132.4658 13.2072
17.8741 132.2320 13.1916
17.6393 131.9972 13.1760
17.4037 131.7616 13.1602
17.1670 131.5249 13.1445
16.9293 131.2873 13.1286
16.6907 131.0486 13.1127
16.4510 130.8089 13.0967
16.2102 130.5681 13.0807
15.9684 130.3263 13.0646
15.7255 130.0834 13.0484
15.4814 129.8393 13.0321
15.2362 129.5941 13.0157
14.9898 129.3477 12.9993
14.7423 129.1002 12.9828
14.4935 128.8514 12.9662
14.2435 128.6014 12.9496
13.9922 128.3501 12.9328
13.7396 128.0975 12.9160
13.4857 127.8436 12.8990
13.2305 127.5884 12.8820
12.9739 127.3318 12.8649
12.7159 127.0738 12.8477
12.5850 126.9429 12.8390
12.8438 127.2017 12.8563
13.1011 127.4590 12.8734
13.3570 127.7149 12.8905
13.6116 127.9695 12.9074
13.8648 128.2227 12.9243
14.1167 128.4746 12.9411
14.3674 128.7253 12.9578
14.6168 128.9747 12.9745
14.8649 129.2228 12.9910
15.1119 129.4698 13.0075
15.3577 129.7156 13.0238
15.6023 129.9602 13.0402
15.8458 130.2037 13.0564
16.0882 130.4461 13.0725
16.3295 130.6874 13.0886
16.5697 130.9277 13.1046
16.8089 131.1668 13.1206
17.0471 131.4050 13.1365
17.2843 131.6422 13.1523
17.5204 131.8783 13.1680
17.7556 132.1135 13.1837
17.9899 132.3478 13.1993
18.2232 132.5812 13.2149
18.4557 132.8136 13.2304
18.6872 133.0451 13.2458
18.9179 133.2758 13.2612
19.1477 133.5056 13.2765
19.3767 133.7346 13.2918
19.6049 133.9628 13.3070
19.8323 134.1902 13.3222
20.0589 134.4168 13.3373
20.2848 134.6427 13.3523
20.5098 134.8678 13.3673
20.7342 135.0921 13.3823
20.9579 135.3158 13.3972
21.1808 135.5387 13.4121
21.4031 135.7610 13.4269
21.6247 135.9826 13.4416
21.8456 136.2035 13.4564
22.0660 136.4239 13.4711
22.2856 136.6435 13.4857
22.5047 136.8626 13.5003
22.7232 137.0811 13.5149
22.9411 137.2990 13.5294
23.1585 137.5164 13.5439
23.3753 137.7332 13.5584
23.5916 137.9495 13.5728
23.8073 138.1652 13.5872
24.0226 138.3805 13.6015
24.2373 138.5952 13.6158
24.4516 138.8095 13.6301
24.6654 139.0233 13.6444
24.8787 139.2366 13.6586
25.0916 139.4495 13.6728
25.3041 139.6620 13.6869
25.5161 139.8740 13.7011
25.7278 140.0857 13.7152
25.9391 140.2970 13.7293
26.1499 140.5078 13.7433
26.3605 140.7184 13.7574
26.5706 140.9285 13.7714
26.7805 141.1384 13.7854
26.9900 141.3479 13.7993
27.1991 141.5570 13.8133
27.4080 141.7659 13.8272
27.6166 141.9745 13.8411
27.8249 142.1828 13.8550
28.0329 142.3908 13.8689
28.2407 142.5986 13.8827
28.4482 142.8061 13.8965
28.6555 143.0134 13.9104
28.8626 143.2205 13.9242
29.0694 143.4273 13.9380
29.2761 143.6340 13.9517
29.4826 143.8405 13.9655
29.6889 144.0468 13.9793
29.8950 144.2529 13.9930
30.1009 144.4588 14.0067
30.3068 144.6647 14.0205
30.5124 144.8703 14.0342
30.7180 145.0759 14.0479
30.9235 145.2814 14.0616
31.1288 145.4867 14.0753
31.3341 145.6920 14.0889
31.5393 145.8972 14.1026
31.7444 146.1023 14.1163
31.9494 146.3073 14.1300
32.1544 146.5123 14.1436
32.3594 146.7173 14.1573
32.5644 146.9223 14.1710
32.7693 147.1272 14.1846
147.3321 32.9742 14.1983
147.5371 33.1792 14.2119
147.7420 33.3841 14.2256
147.9470 33.5891 14.2393
148.1521 33.7942 14.2529
148.3571 33.9992 14.2666
148.5623 34.2044 14.2803
148.7675 34.4096 14.2940
148.9728 34.6149 14.3077
149.1782 34.8203 14.3214
149.3837 35.0258 14.3351
149.5893 35.2314 14.3488
149.7951 35.4372 14.3625
150.0010 35.6431 14.3762
150.2070 35.8491 14.3899
150.4132 36.0553 14.4037
150.6196 36.2617 14.4174
150.8262 36.4683 14.4312
151.0329 36.6750 14.4450
151.2399 36.8820 14.4588
151.4470 37.0891 14.4726
151.6545 37.2966 14.4864
151.8621 37.5042 14.5003
152.0700 37.7121 14.5141
152.2782 37.9203 14.5280
152.4866 38.1287 14.5419
152.6953 38.3374 14.5558
152.9044 38.5465 14.5698
153.1137 38.7558 14.5837
153.3234 38.9654 14.5977
153.5333 39.1754 14.6117
153.7437 39.3858 14.6257
153.9544 39.5965 14.6398
154.1655 39.8076 14.6538
154.3769 40.0190 14.6679
154.5888 40.2309 14.6821
154.8010 40.4431 14.6962
155.0137 40.6558 14.7104
155.2268 40.8689 14.7246
155.4404 41.0825 14.7388
155.6544 41.2965 14.7531
155.8689 41.5110 14.7674
156.0839 41.7260 14.7817
156.2994 41.9415 14.7961
156.5154 42.1575 14.8105
156.7319 42.3740 14.8249
156.9490 42.5911 14.8394
157.1666 42.8087 14.8539
157.3848 43.0269 14.8685
157.6036 43.2457 14.8830
157.8230 43.4651 14.8977
158.0430 43.6851 14.9123
158.2636 43.9057 14.9270
158.4849 44.1270 14.9418
158.7068 44.3489 14.9566
158.9294 44.5715 14.9714
159.1527 44.7948 14.9863
159.3767 45.0188 15.0013
159.6015 45.2436 15.0162
159.8269 45.4690 15.0313
160.0531 45.6952 15.0463
160.2801 45.9222 15.0615
160.5079 46.1500 15.0767
160.7365 46.3786 15.0919
160.9659 46.6080 15.1072
161.1962 46.8382 15.1225
161.4273 47.0694 15.1380
161.6592 47.3013 15.1534
161.8921 47.5342 15.1689
162.1259 47.7680 15.1845
162.3607 48.0028 15.2002
162.5963 48.2384 15.2159
162.8330 48.4751 15.2317
163.0707 48.7127 15.2475
163.3093 48.9514 15.2634
163.5490 49.1911 15.2794
163.7898 49.4319 15.2955
164.0316 49.6737 15.3116
164.2745 49.9166 15.3278
164.5186 50.1607 15.3440
164.7638 50.4059 15.3604
165.0102 50.6523 15.3768
165.2577 50.8998 15.3933
165.5065 51.1486 15.4099
165.7565 51.3986 15.4266
166.0078 51.6499 15.4433
166.2604 51.9025 15.4602
166.5143 52.1564 15.4771
166.7695 52.4116 15.4941
167.0261 52.6682 15.5112
167.2841 52.9262 15.5284
